10000
8445
2628
115
6757
6398
4423
9265
2814
845
4575
9369
3302
6094
4429
867
7806
7613
1261
1518
4433
8883
8430
8711
8323
2758
5230
3444
6778
5180
7711
2025
6489
1708
9296
2634
6551
8502
1756
5099
3512
107
9094
9073
6459
9223
8539
9673
9336
3414
7193
9037
5205
1126
9056
3610
4143
6825
949
9857
1134
1690
6890
2283
2913
7638
7840
8628
9552
7212
5672
2987
7136
4261
8727
4891
9747
7671
3229
9062
9358
6550
8272
5973
1371
4351
1390
4400
8145
5522
3477
2021
2744
9152
1353
2489
5859
9943
7108
2100
8124
1503
9277
2711
9470
1948
4903
3986
7022
9556
5037
5554
8905
1134
5278
9968
8709
2000
5584
1012
3896
3254
3153
1037
7105
7114
7229
827
9617
3704
7580
4755
4977
578
3775
1381
3418
1904
7007
9773
6608
3344
3026
7831
9939
8787
5184
9291
3722
7668
2251
8450
8324
9271
4327
8328
175
5394
4132
7163
3909
604
2954
4820
5944
8560
657
633
6008
7784
5849
1663
269
9691
329
1798
4455
9771
7259
3261
965
9979
7530
327
9152
1680
3700
7455
7016
9376
8552
481
1510
2425
8696
5092
1999
8534
3950
141
7577
8326
6101
5648
5131
2530
3438
5101
6778
701
1162
6918
9440
5585
7573
4867
3796
3936
4760
1537
3239
6426
349
1336
7915
3984
2492
5159
3521
8586
4276
6436
1771
5197
4264
2696
1668
1447
6358
8203
3633
7330
9607
2467
578
2257
8416
9959
6911
5909
2149
5234
7571
8121
2705
8443
2851
103
2029
3309
358
3861
1291
2123
2389
9858
1242
5080
386
7336
349
7040
8969
8967
3157
1598
3377
6308
2361
1233
2540
4015
51
8791
5771
188
2940
8234
5023
7666
7389
2035
1125
5223
3417
2365
2041
7119
1855
3796
9107
8041
6373
42
2428
1118
8365
729
193
3728
9313
3552
610
1339
8895
2278
1564
8003
5816
1709
744
3326
6185
3876
451
7138
3101
9816
7630
2097
2059
5210
7826
8349
2138
644
1493
8618
3607
9962
3862
2496
3530
3841
7147
5262
9016
214
9964
3593
5699
9472
3006
812
4122
8004
5614
3301
8395
8427
2356
9705
2435
412
2238
7940
2329
707
3595
3328
9398
4713
2522
9023
5326
979
6749
8188
8888
5616
6256
5254
4031
7216
6014
2976
4982
2745
1250
5026
8547
9308
3853
8182
330
8066
1736
4949
1037
2105
2752
4999
1368
2343
459
671
8569
5274
1792
8423
9050
262
2809
2760
7968
4382
4103
7011
3412
3534
5535
8563
2489
242
4461
1623
4292
2684
1621
7334
4372
8088
4400
8527
1162
1775
7230
9615
6170
8420
3500
4580
4612
3396
692
8302
4011
3216
831
6292
7724
9640
5957
6997
1110
2980
4124
4034
9169
7601
7682
5135
4971
3454
9285
7682
5810
4486
2338
8043
8981
2301
1859
363
4101
3775
353
7440
9272
1814
8607
9888
3953
1856
3518
5630
6427
6590
2685
1166
5801
7665
8713
339
350
6697
4341
4745
3548
2203